  0.000000000000000E+000
  0.000000000000000E+000
   264.447995272115     
  6.712465161028099E-002
  6.712465161028097E-002
  6.712465161028096E-002
  6.712465161028096E-002
  6.712465161028094E-002
  6.712465161028093E-002
  4.824564187375789E-002
  4.824564187375787E-002
  4.824564187375787E-002
  4.824564187375786E-002
  4.824564187375785E-002
  4.824564187375785E-002
  4.400465454983508E-002
  4.400465454983507E-002
  4.400465454983507E-002
  4.400465454983505E-002
  4.400465454983505E-002
  4.400465454983504E-002
  4.117616822907962E-002
  4.117616822907962E-002
  4.117616822907962E-002
