 -1.365903968777618E-005
 -5.998889625991092E-006
  1.429945356769956E-005
   221.940168139047     
   221.940168139047     
   221.940168139047     
   221.940168139047     
   221.940168139047     
   221.940168139047     
   429.619338912949     
   429.619338912949     
   429.619338912949     
   429.619338912950     
   429.619338912950     
   429.619338912950     
   516.419660702354     
   516.419660702354     
   516.419660702354     
   516.419660702354     
   516.419660702354     
   516.419660702355     
   589.804580215125     
   589.804580215125     
   589.804580215125     
