   8    8
1 1
    17.417738265943481     0.000000000000000     0.000000000000000
    -0.000000000000000    17.417738265943481     0.000000000000000
     0.000000000000000     0.000000000000000    17.417738265943481
1 2
     1.099078157340440     0.000000000000000     0.000000000000000
    -0.000000000000000    -0.274765222550924    -0.000000000000000
     0.000000000000000    -0.000000000000000    -0.274765222550924
1 3
    -0.274765222550924     0.000000000000000     0.000000000000000
    -0.000000000000000     1.099078157340440    -0.000000000000000
    -0.000000000000000     0.000000000000000    -0.274765222550924
1 4
    -0.274765222550924     0.000000000000000     0.000000000000000
    -0.000000000000000    -0.274765222550924     0.000000000000000
    -0.000000000000000    -0.000000000000000     1.099078157340440
1 5
    -4.491821494545517    -2.807708937353835    -2.807708937353835
    -2.807708937353835    -4.491821494545517    -2.807708937353834
    -2.807708937353834    -2.807708937353835    -4.491821494545517
1 6
    -4.491821494545518     2.807708937353835     2.807708937353835
     2.807708937353835    -4.491821494545517    -2.807708937353835
     2.807708937353835    -2.807708937353835    -4.491821494545517
1 7
    -4.491821494545517     2.807708937353835    -2.807708937353835
     2.807708937353835    -4.491821494545517     2.807708937353835
    -2.807708937353834     2.807708937353835    -4.491821494545517
1 8
    -4.491821494545517    -2.807708937353834     2.807708937353834
    -2.807708937353834    -4.491821494545517     2.807708937353834
     2.807708937353834     2.807708937353834    -4.491821494545517
2 1
     1.099078157340439     0.000000000000000     0.000000000000000
    -0.000000000000000    -0.274765222550924     0.000000000000000
    -0.000000000000000    -0.000000000000000    -0.274765222550924
2 2
    17.417738265943477    -0.000000000000000    -0.000000000000000
    -0.000000000000000    17.417738265943477     0.000000000000000
    -0.000000000000000    -0.000000000000000    17.417738265943477
2 3
    -0.274765222550924     0.000000000000000    -0.000000000000000
    -0.000000000000000    -0.274765222550924     0.000000000000000
     0.000000000000000    -0.000000000000000     1.099078157340439
2 4
    -0.274765222550924    -0.000000000000000     0.000000000000000
    -0.000000000000000     1.099078157340440     0.000000000000000
     0.000000000000000    -0.000000000000000    -0.274765222550924
2 5
    -4.491821494545516     2.807708937353834     2.807708937353834
     2.807708937353834    -4.491821494545516    -2.807708937353834
     2.807708937353834    -2.807708937353834    -4.491821494545516
2 6
    -4.491821494545516    -2.807708937353834    -2.807708937353834
    -2.807708937353834    -4.491821494545516    -2.807708937353834
    -2.807708937353834    -2.807708937353834    -4.491821494545516
2 7
    -4.491821494545516    -2.807708937353834     2.807708937353834
    -2.807708937353834    -4.491821494545517     2.807708937353834
     2.807708937353834     2.807708937353834    -4.491821494545516
2 8
    -4.491821494545516     2.807708937353834    -2.807708937353834
     2.807708937353834    -4.491821494545516     2.807708937353834
    -2.807708937353834     2.807708937353834    -4.491821494545516
3 1
    -0.274765222550924    -0.000000000000000    -0.000000000000000
     0.000000000000000     1.099078157340439     0.000000000000000
     0.000000000000000    -0.000000000000000    -0.274765222550924
3 2
    -0.274765222550924     0.000000000000000    -0.000000000000000
     0.000000000000000    -0.274765222550924    -0.000000000000000
     0.000000000000000    -0.000000000000000     1.099078157340440
3 3
    17.417738265943477    -0.000000000000000    -0.000000000000000
    -0.000000000000000    17.417738265943477    -0.000000000000000
     0.000000000000000    -0.000000000000000    17.417738265943477
3 4
     1.099078157340439     0.000000000000000    -0.000000000000000
    -0.000000000000000    -0.274765222550924     0.000000000000000
     0.000000000000000    -0.000000000000000    -0.274765222550924
3 5
    -4.491821494545516     2.807708937353834    -2.807708937353834
     2.807708937353834    -4.491821494545516     2.807708937353834
    -2.807708937353834     2.807708937353834    -4.491821494545516
3 6
    -4.491821494545516    -2.807708937353834     2.807708937353834
    -2.807708937353834    -4.491821494545516     2.807708937353834
     2.807708937353834     2.807708937353834    -4.491821494545516
3 7
    -4.491821494545516    -2.807708937353834    -2.807708937353834
    -2.807708937353834    -4.491821494545516    -2.807708937353834
    -2.807708937353834    -2.807708937353834    -4.491821494545516
3 8
    -4.491821494545516     2.807708937353834     2.807708937353834
     2.807708937353834    -4.491821494545516    -2.807708937353834
     2.807708937353834    -2.807708937353834    -4.491821494545517
4 1
    -0.274765222550924     0.000000000000000    -0.000000000000000
    -0.000000000000000    -0.274765222550924    -0.000000000000000
     0.000000000000000     0.000000000000000     1.099078157340439
4 2
    -0.274765222550924     0.000000000000000    -0.000000000000000
    -0.000000000000000     1.099078157340439     0.000000000000000
     0.000000000000000    -0.000000000000000    -0.274765222550924
4 3
     1.099078157340440     0.000000000000000    -0.000000000000000
    -0.000000000000000    -0.274765222550924     0.000000000000000
    -0.000000000000000     0.000000000000000    -0.274765222550924
4 4
    17.417738265943477     0.000000000000000    -0.000000000000000
    -0.000000000000000    17.417738265943477    -0.000000000000000
    -0.000000000000000    -0.000000000000000    17.417738265943477
4 5
    -4.491821494545516    -2.807708937353834     2.807708937353834
    -2.807708937353834    -4.491821494545516     2.807708937353834
     2.807708937353834     2.807708937353834    -4.491821494545516
4 6
    -4.491821494545517     2.807708937353834    -2.807708937353834
     2.807708937353834    -4.491821494545516     2.807708937353834
    -2.807708937353834     2.807708937353834    -4.491821494545516
4 7
    -4.491821494545516     2.807708937353834     2.807708937353834
     2.807708937353834    -4.491821494545516    -2.807708937353834
     2.807708937353834    -2.807708937353834    -4.491821494545516
4 8
    -4.491821494545516    -2.807708937353834    -2.807708937353834
    -2.807708937353834    -4.491821494545516    -2.807708937353834
    -2.807708937353834    -2.807708937353834    -4.491821494545516
5 1
    -4.491821494545516    -2.807708937353834    -2.807708937353834
    -2.807708937353834    -4.491821494545517    -2.807708937353834
    -2.807708937353834    -2.807708937353834    -4.491821494545516
5 2
    -4.491821494545516     2.807708937353834     2.807708937353834
     2.807708937353834    -4.491821494545516    -2.807708937353834
     2.807708937353834    -2.807708937353834    -4.491821494545516
5 3
    -4.491821494545516     2.807708937353834    -2.807708937353834
     2.807708937353834    -4.491821494545516     2.807708937353834
    -2.807708937353834     2.807708937353834    -4.491821494545516
5 4
    -4.491821494545516    -2.807708937353834     2.807708937353834
    -2.807708937353834    -4.491821494545516     2.807708937353834
     2.807708937353834     2.807708937353834    -4.491821494545516
5 5
    17.417738265943477     0.000000000000000     0.000000000000000
    -0.000000000000000    17.417738265943477    -0.000000000000000
     0.000000000000000    -0.000000000000000    17.417738265943477
5 6
     1.099078157340439     0.000000000000000    -0.000000000000000
    -0.000000000000000    -0.274765222550924    -0.000000000000000
     0.000000000000000     0.000000000000000    -0.274765222550924
5 7
    -0.274765222550924     0.000000000000000    -0.000000000000000
    -0.000000000000000     1.099078157340440    -0.000000000000000
    -0.000000000000000    -0.000000000000000    -0.274765222550924
5 8
    -0.274765222550924     0.000000000000000     0.000000000000000
    -0.000000000000000    -0.274765222550924    -0.000000000000000
    -0.000000000000000     0.000000000000000     1.099078157340439
6 1
    -4.491821494545516     2.807708937353834     2.807708937353834
     2.807708937353834    -4.491821494545516    -2.807708937353834
     2.807708937353834    -2.807708937353834    -4.491821494545516
6 2
    -4.491821494545516    -2.807708937353834    -2.807708937353834
    -2.807708937353834    -4.491821494545516    -2.807708937353834
    -2.807708937353834    -2.807708937353834    -4.491821494545516
6 3
    -4.491821494545516    -2.807708937353834     2.807708937353834
    -2.807708937353834    -4.491821494545516     2.807708937353834
     2.807708937353834     2.807708937353834    -4.491821494545516
6 4
    -4.491821494545516     2.807708937353834    -2.807708937353834
     2.807708937353834    -4.491821494545516     2.807708937353834
    -2.807708937353834     2.807708937353834    -4.491821494545517
6 5
     1.099078157340439     0.000000000000000     0.000000000000000
    -0.000000000000000    -0.274765222550924    -0.000000000000000
    -0.000000000000000     0.000000000000000    -0.274765222550924
6 6
    17.417738265943477    -0.000000000000000    -0.000000000000000
    -0.000000000000000    17.417738265943477    -0.000000000000000
    -0.000000000000000     0.000000000000000    17.417738265943477
6 7
    -0.274765222550924     0.000000000000000    -0.000000000000000
     0.000000000000000    -0.274765222550924    -0.000000000000000
    -0.000000000000000     0.000000000000000     1.099078157340440
6 8
    -0.274765222550924    -0.000000000000000     0.000000000000000
     0.000000000000000     1.099078157340439    -0.000000000000000
    -0.000000000000000     0.000000000000000    -0.274765222550924
7 1
    -4.491821494545516     2.807708937353834    -2.807708937353834
     2.807708937353834    -4.491821494545516     2.807708937353834
    -2.807708937353834     2.807708937353834    -4.491821494545516
7 2
    -4.491821494545517    -2.807708937353834     2.807708937353834
    -2.807708937353834    -4.491821494545516     2.807708937353834
     2.807708937353834     2.807708937353834    -4.491821494545516
7 3
    -4.491821494545516    -2.807708937353834    -2.807708937353834
    -2.807708937353834    -4.491821494545516    -2.807708937353834
    -2.807708937353834    -2.807708937353834    -4.491821494545516
7 4
    -4.491821494545516     2.807708937353834     2.807708937353834
     2.807708937353834    -4.491821494545516    -2.807708937353834
     2.807708937353834    -2.807708937353834    -4.491821494545516
7 5
    -0.274765222550924    -0.000000000000000     0.000000000000000
     0.000000000000000     1.099078157340439     0.000000000000000
    -0.000000000000000    -0.000000000000000    -0.274765222550924
7 6
    -0.274765222550924    -0.000000000000000     0.000000000000000
     0.000000000000000    -0.274765222550924    -0.000000000000000
    -0.000000000000000     0.000000000000000     1.099078157340439
7 7
    17.417738265943477    -0.000000000000000     0.000000000000000
    -0.000000000000000    17.417738265943477    -0.000000000000000
    -0.000000000000000    -0.000000000000000    17.417738265943477
7 8
     1.099078157340440    -0.000000000000000     0.000000000000000
    -0.000000000000000    -0.274765222550924     0.000000000000000
    -0.000000000000000     0.000000000000000    -0.274765222550924
8 1
    -4.491821494545516    -2.807708937353834     2.807708937353834
    -2.807708937353834    -4.491821494545516     2.807708937353834
     2.807708937353834     2.807708937353834    -4.491821494545516
8 2
    -4.491821494545516     2.807708937353834    -2.807708937353834
     2.807708937353834    -4.491821494545516     2.807708937353834
    -2.807708937353834     2.807708937353834    -4.491821494545516
8 3
    -4.491821494545516     2.807708937353834     2.807708937353834
     2.807708937353834    -4.491821494545517    -2.807708937353834
     2.807708937353834    -2.807708937353834    -4.491821494545516
8 4
    -4.491821494545516    -2.807708937353834    -2.807708937353834
    -2.807708937353834    -4.491821494545516    -2.807708937353834
    -2.807708937353834    -2.807708937353834    -4.491821494545516
8 5
    -0.274765222550924    -0.000000000000000    -0.000000000000000
     0.000000000000000    -0.274765222550924    -0.000000000000000
     0.000000000000000     0.000000000000000     1.099078157340439
8 6
    -0.274765222550924    -0.000000000000000     0.000000000000000
     0.000000000000000     1.099078157340440    -0.000000000000000
     0.000000000000000    -0.000000000000000    -0.274765222550924
8 7
     1.099078157340439    -0.000000000000000     0.000000000000000
     0.000000000000000    -0.274765222550924    -0.000000000000000
    -0.000000000000000     0.000000000000000    -0.274765222550924
8 8
    17.417738265943477    -0.000000000000000    -0.000000000000000
     0.000000000000000    17.417738265943477    -0.000000000000000
    -0.000000000000000    -0.000000000000000    17.417738265943477